              precision    recall  f1-score   support

           0     0.3170    0.4954    0.3866      1647
           1     0.5715    0.5594    0.5654      7967
           2     0.0178    0.5139    0.0345        72
           3     0.9988    0.9581    0.9780     49001
           4     0.2582    0.3798    0.3074      4036
           5     0.8361    0.9328    0.8818     10091
           6     0.4542    0.3874    0.4182      6414
           7     0.2647    0.5221    0.3512      1496
           8     0.9998    0.9876    0.9937    325769
           9     0.9722    0.9180    0.9443     31267
          10     0.9985    0.9448    0.9709    104149
          11     0.2739    0.5030    0.3547      3491
          12     0.0134    0.2963    0.0256        27
          13     0.5537    0.5712    0.5623      8833
          14     0.1531    0.6119    0.2450       675
          15     0.0543    0.5379    0.0987       132

    accuracy                         0.9415    555067
   macro avg     0.4836    0.6325    0.5074    555067
weighted avg     0.9600    0.9415    0.9497    555067
