              precision    recall  f1-score   support

           0     0.2222    0.3965    0.2848      1647
           1     0.5227    0.4068    0.4575      7967
           2     0.0133    0.5000    0.0259        72
           3     0.9986    0.9564    0.9771     49001
           4     0.2259    0.3030    0.2589      4036
           5     0.7834    0.9056    0.8400     10091
           6     0.4001    0.3561    0.3768      6414
           7     0.1862    0.4385    0.2614      1496
           8     0.9990    0.9815    0.9902    325769
           9     0.9590    0.8864    0.9213     31267
          10     0.9932    0.9416    0.9667    104149
          11     0.2329    0.4368    0.3038      3491
          12     0.0097    0.3333    0.0189        27
          13     0.4847    0.5296    0.5062      8833
          14     0.1239    0.5348    0.2012       675
          15     0.0315    0.5303    0.0594       132

    accuracy                         0.9301    555067
   macro avg     0.4492    0.5898    0.4656    555067
weighted avg     0.9533    0.9301    0.9405    555067
