              precision    recall  f1-score   support

           0     0.3327    0.5155    0.4044      1647
           1     0.5639    0.5829    0.5732      7967
           2     0.0185    0.5417    0.0358        72
           3     0.9993    0.9578    0.9781     49001
           4     0.2779    0.4093    0.3310      4036
           5     0.8426    0.9345    0.8862     10091
           6     0.4549    0.4149    0.4340      6414
           7     0.2725    0.5027    0.3534      1496
           8     0.9998    0.9875    0.9936    325769
           9     0.9764    0.9175    0.9461     31267
          10     0.9974    0.9458    0.9709    104149
          11     0.2856    0.5231    0.3695      3491
          12     0.0143    0.3333    0.0274        27
          13     0.5628    0.5688    0.5658      8833
          14     0.1690    0.5896    0.2627       675
          15     0.0535    0.5152    0.0969       132

    accuracy                         0.9425    555067
   macro avg     0.4888    0.6400    0.5143    555067
weighted avg     0.9605    0.9425    0.9506    555067
