              precision    recall  f1-score   support

           0     0.3256    0.5276    0.4027      1647
           1     0.5289    0.5500    0.5393      7967
           2     0.0170    0.3333    0.0324        72
           3     0.9993    0.9577    0.9781     49001
           4     0.2718    0.4120    0.3276      4036
           5     0.8416    0.9363    0.8864     10091
           6     0.4354    0.4331    0.4342      6414
           7     0.2596    0.5401    0.3506      1496
           8     0.9996    0.9873    0.9934    325769
           9     0.9756    0.9181    0.9460     31267
          10     0.9965    0.9461    0.9706    104149
          11     0.2831    0.4915    0.3593      3491
          12     0.0188    0.2963    0.0353        27
          13     0.5750    0.5769    0.5760      8833
          14     0.1855    0.6163    0.2851       675
          15     0.0523    0.5000    0.0947       132

    accuracy                         0.9423    555067
   macro avg     0.4854    0.6264    0.5132    555067
weighted avg     0.9596    0.9423    0.9500    555067
