              precision    recall  f1-score   support

           0     0.3710    0.5877    0.4549      1647
           1     0.6289    0.6780    0.6525      7967
           2     0.0290    0.2778    0.0526        72
           3     0.9955    0.9603    0.9776     49001
           4     0.3142    0.4670    0.3756      4036
           5     0.8790    0.9411    0.9090     10091
           6     0.4803    0.5069    0.4932      6414
           7     0.3486    0.5749    0.4340      1496
           8     0.9984    0.9894    0.9939    325769
           9     0.9745    0.9359    0.9548     31267
          10     0.9937    0.9522    0.9725    104149
          11     0.3237    0.5125    0.3968      3491
          12     0.0370    0.2963    0.0658        27
          13     0.6170    0.6613    0.6384      8833
          14     0.2829    0.6430    0.3929       675
          15     0.1278    0.4773    0.2016       132

    accuracy                         0.9509    555067
   macro avg     0.5251    0.6538    0.5604    555067
weighted avg     0.9623    0.9509    0.9559    555067
