              precision    recall  f1-score   support

           0     0.3552    0.6017    0.4467      1647
           1     0.6244    0.7033    0.6615      7967
           2     0.0560    0.3056    0.0946        72
           3     0.9998    0.9581    0.9785     49001
           4     0.2819    0.4931    0.3588      4036
           5     0.8750    0.9383    0.9056     10091
           6     0.4451    0.5334    0.4852      6414
           7     0.3481    0.5561    0.4282      1496
           8     0.9999    0.9879    0.9939    325769
           9     0.9788    0.9329    0.9553     31267
          10     0.9984    0.9479    0.9725    104149
          11     0.3014    0.5328    0.3850      3491
          12     0.0429    0.2593    0.0737        27
          13     0.6257    0.6670    0.6457      8833
          14     0.3220    0.6178    0.4234       675
          15     0.1290    0.4318    0.1986       132

    accuracy                         0.9498    555067
   macro avg     0.5240    0.6542    0.5629    555067
weighted avg     0.9639    0.9498    0.9559    555067
