              precision    recall  f1-score   support

           0     0.4118    0.5531    0.4721      1647
           1     0.6094    0.6492    0.6287      7967
           2     0.0344    0.2083    0.0591        72
           3     0.9924    0.9630    0.9775     49001
           4     0.3327    0.4658    0.3881      4036
           5     0.8971    0.9344    0.9153     10091
           6     0.4527    0.5382    0.4917      6414
           7     0.3820    0.5401    0.4475      1496
           8     0.9984    0.9903    0.9943    325769
           9     0.9749    0.9441    0.9592     31267
          10     0.9894    0.9594    0.9742    104149
          11     0.3370    0.4746    0.3941      3491
          12     0.0363    0.2593    0.0636        27
          13     0.6360    0.6781    0.6564      8833
          14     0.3297    0.5896    0.4230       675
          15     0.1486    0.3939    0.2158       132

    accuracy                         0.9530    555067
   macro avg     0.5352    0.6338    0.5663    555067
weighted avg     0.9617    0.9530    0.9569    555067
