              precision    recall  f1-score   support

           0       0.34      0.31      0.33      1647
           1       0.44      0.68      0.53      7967
           2       0.01      0.03      0.02        72
           3       0.99      0.96      0.97     49001
           4       0.30      0.25      0.27      4036
           5       0.87      0.88      0.87     10091
           6       0.37      0.42      0.40      6414
           7       0.49      0.28      0.35      1496
           8       1.00      0.99      0.99    325769
           9       0.95      0.93      0.94     31267
          10       0.96      0.96      0.96    104149
          11       0.37      0.31      0.34      3491
          12       0.00      0.00      0.00        27
          13       0.52      0.55      0.54      8833
          14       0.35      0.32      0.33       675
          15       0.03      0.06      0.04       132

    accuracy                           0.94    555067
   macro avg       0.50      0.49      0.49    555067
weighted avg       0.95      0.94      0.94    555067
