              precision    recall  f1-score   support

           0     0.2334    0.3661    0.2850      1647
           1     0.5249    0.1654    0.2516      7967
           2     0.0102    0.5972    0.0201        72
           3     0.9999    0.9573    0.9782     49001
           4     0.1971    0.2230    0.2093      4036
           5     0.7334    0.9151    0.8142     10091
           6     0.3193    0.3681    0.3420      6414
           7     0.2507    0.2941    0.2707      1496
           8     0.9972    0.9844    0.9907    325769
           9     0.9636    0.8737    0.9165     31267
          10     0.9984    0.9365    0.9665    104149
          11     0.2347    0.3979    0.2952      3491
          12     0.0063    0.2963    0.0123        27
          13     0.4613    0.4617    0.4615      8833
          14     0.0663    0.5556    0.1184       675
          15     0.0202    0.4924    0.0388       132

    accuracy                         0.9247    555067
   macro avg     0.4385    0.5553    0.4357    555067
weighted avg     0.9514    0.9247    0.9356    555067
